eeg 819.200195312 815.91027832 838.940002441 832.360046387
a 0.265855371952 0.0873555168509 0.0637616887689 0.293410122395
b 0.0555962584913 0.124132417142 0.0802113860846 0.0793727710843
d 0.493674516678 0.658061861992 0.631766796112 0.382710069418
g 0.0373447798193 0.0724355354905 0.0733745992184 0.0680198594928
t 0.14752908051 0.0580146610737 0.150885522366 0.176487162709
h 1.0 1.0 1.0 1.0
c 1.0
Aa 1.03822338581 0.297847986221 0.449079424143 1.03589248657
Ab 0.358623564243 0.45044285059 0.548755645752 0.468088895082
Ad 1.30701875687 1.17482435703 1.4450763464 1.15128719807
Ag 0.185807913542 0.216509327292 0.510065376759 0.401053100824
At 0.78245562315 0.120095409453 0.823167145252 0.815130472183
as 0.75 0.0 0.0 0.827586233616
bs 0.194444447756 0.607142865658 0.444444447756 0.419354826212
ds 0.716417908669 0.300000011921 0.470588237047 0.56097561121
gs 0.604651153088 0.345679014921 1.0 0.888888895512
ts 0.235955059528 0.0 0.137254908681 0.354166656733
eeg 820.845214844 819.200195312 832.360046387 837.29498291
eeg 809.330322266 817.555236816 829.070068359 827.425109863
eeg 812.620300293 820.845214844 829.070068359 830.715087891
eeg 814.265258789 822.49017334 824.135131836 834.005004883
eeg 820.845214844 815.91027832 822.49017334 840.584960938
eeg 825.780151367 817.555236816 830.715087891 843.874938965
eeg 825.780151367 815.91027832 840.584960938 829.070068359
eeg 812.620300293 810.975280762 827.425109863 825.780151367
eeg 819.200195312 807.68536377 830.715087891 825.780151367
eeg 814.265258789 807.68536377 829.070068359 830.715087891
eeg 802.750427246 809.330322266 822.49017334 819.200195312
eeg 812.620300293 819.200195312 830.715087891 822.49017334
eeg 810.975280762 815.91027832 832.360046387 820.845214844
eeg 812.620300293 806.040344238 837.29498291 819.200195312
eeg 820.845214844 799.460449219 830.715087891 834.005004883
eeg 815.91027832 802.750427246 834.005004883 815.91027832
eeg 810.975280762 801.105407715 843.874938965 819.200195312
eeg 814.265258789 801.105407715 840.584960938 820.845214844
eeg 807.68536377 801.105407715 837.29498291 819.200195312
eeg 797.815490723 804.395385742 817.555236816 814.265258789
eeg 809.330322266 801.105407715 819.200195312 825.780151367
eeg 812.620300293 806.040344238 819.200195312 827.425109863
a 0.279469937086 0.0866733267903 0.0675486251712 0.306091427803
b 0.0568220950663 0.115474738181 0.0808701813221 0.0780009180307
d 0.48840841651 0.675038516521 0.624841213226 0.384439915419
g 0.037837062031 0.0685901343822 0.0773413181305 0.068811699748
t 0.137462511659 0.0542232915759 0.1493986696 0.162656039
h 1.0 1.0 1.0 1.0
c 1.0
Aa 1.03822338581 0.297847986221 0.466798007488 1.03589248657
Ab 0.346405565739 0.422449529171 0.544969916344 0.442140996456
Ad 1.28067147732 1.18929111958 1.43295121193 1.13486969471
Ag 0.169805750251 0.196224167943 0.525593042374 0.387703537941
At 0.730072617531 0.0941484123468 0.811528265476 0.761311471462
as 0.75 0.0 0.0 0.827586233616
bs 0.114285714924 0.518518507481 0.411764711142 0.300000011921
ds 0.681818187237 0.328571438789 0.45588234067 0.512195110321
gs 0.581395328045 0.320987641811 1.0 0.85185188055
ts 0.179775282741 0.0 0.117647059262 0.25
eeg 806.040344238 804.395385742 820.845214844 815.91027832
eeg 809.330322266 802.750427246 834.005004883 829.070068359
eeg 806.040344238 809.330322266 832.360046387 822.49017334
eeg 810.975280762 802.750427246 842.229919434 815.91027832
eeg 815.91027832 804.395385742 845.519897461 820.845214844
eeg 815.91027832 804.395385742 830.715087891 815.91027832
eeg 815.91027832 794.525512695 830.715087891 815.91027832
eeg 820.845214844 797.815490723 838.940002441 827.425109863
eeg 817.555236816 799.460449219 848.809875488 824.135131836
eeg 820.845214844 801.105407715 855.389770508 830.715087891
eeg 815.91027832 804.395385742 842.229919434 827.425109863
eeg 810.975280762 799.460449219 829.070068359 812.620300293
eeg 817.555236816 802.750427246 824.135131836 822.49017334
eeg 814.265258789 804.395385742 827.425109863 820.845214844
eeg 812.620300293 810.975280762 848.809875488 817.555236816
eeg 820.845214844 807.68536377 857.034729004 840.584960938
eeg 815.91027832 801.105407715 852.09979248 829.070068359
eeg 817.555236816 792.880554199 848.809875488 834.005004883
eeg 814.265258789 797.815490723 838.940002441 830.715087891
eeg 802.750427246 804.395385742 824.135131836 815.91027832
eeg 812.620300293 806.040344238 824.135131836 827.425109863
eeg 815.91027832 806.040344238 824.135131836 835.650024414
a 0.293088972569 0.088744841516 0.0699642971158 0.318538188934
b 0.0592439956963 0.111833631992 0.0816977247596 0.0794832184911
d 0.477287620306 0.679548799992 0.625188887119 0.379592001438
g 0.0387502126396 0.0666626691818 0.0786870718002 0.0706955492496
t 0.131629183888 0.0532100349665 0.144462063909 0.151691049337
h 1.0 1.0 1.0 1.0
c 1.0
Aa 1.03822338581 0.297847986221 0.482719928026 1.03589248657
Ab 0.343868285418 0.398277282715 0.550053417683 0.433006376028
Ad 1.25000405312 1.1819255352 1.43385469913 1.1120480299
Ag 0.159498006105 0.173587560654 0.53374683857 0.382123023272
At 0.690576136112 0.0756983980536 0.797597229481 0.713690936565
as 0.75 0.0 0.0 0.827586233616
bs 0.114285714924 0.444444447756 0.4375 0.266666680574
ds 0.636363625526 0.314285725355 0.45588234067 0.463414639235
gs 0.558139562607 0.300000011921 1.0 0.814814805984
ts 0.13483145833 0.0 0.0784313753247 0.145833328366
eeg 815.91027832 799.460449219 834.005004883 835.650024414
eeg 814.265258789 801.105407715 835.650024414 825.780151367
eeg 807.68536377 794.525512695 820.845214844 812.620300293
eeg 807.68536377 796.170471191 822.49017334 822.49017334
eeg 814.265258789 791.235534668 827.425109863 822.49017334
eeg 815.91027832 787.945556641 834.005004883 830.715087891
eeg 815.91027832 801.105407715 832.360046387 822.49017334
eeg 814.265258789 802.750427246 825.780151367 817.555236816
eeg 817.555236816 802.750427246 822.49017334 830.715087891
eeg 824.135131836 802.750427246 832.360046387 830.715087891
eeg 812.620300293 801.105407715 838.940002441 822.49017334
eeg 810.975280762 802.750427246 835.650024414 814.265258789
eeg 819.200195312 804.395385742 842.229919434 820.845214844
eeg 810.975280762 806.040344238 834.005004883 815.91027832
eeg 820.845214844 804.395385742 838.940002441 832.360046387
eeg 812.620300293 804.395385742 840.584960938 827.425109863
eeg 807.68536377 812.620300293 845.519897461 817.555236816
eeg 809.330322266 802.750427246 843.874938965 817.555236816
eeg 807.68536377 794.525512695 832.360046387 819.200195312
eeg 810.975280762 801.105407715 830.715087891 810.975280762
eeg 812.620300293 804.395385742 840.584960938 817.555236816
eeg 819.200195312 809.330322266 843.874938965 822.49017334
a 0.3079033494 0.0934588313103 0.070367269218 0.331863492727
b 0.0627420842648 0.112054534256 0.0844438225031 0.0838452577591
d 0.460185110569 0.673215329647 0.633356928825 0.367549359798
g 0.03980153054 0.0666333958507 0.0783241018653 0.0737195834517
t 0.129367917776 0.0546379387379 0.133507862687 0.143022313714
h 1.0 1.0 1.0 1.0
c 1.0
Aa 1.03822338581 0.3000035882 0.489571839571 1.03589248657
Ab 0.347367972136 0.378812670708 0.568769037724 0.438411474228
Ad 1.21274161339 1.15753722191 1.44384968281 1.08024859428
Ag 0.149708762765 0.153075173497 0.536096572876 0.382515847683
At 0.661635577679 0.0668775364757 0.767708003521 0.670336782932
as 0.75 0.0 0.0 0.827586233616
bs 0.142857149243 0.370370358229 0.5625 0.300000011921
ds 0.575757563114 0.271428585052 0.470588237047 0.390243887901
gs 0.534883737564 0.27500000596 1.0 0.814814805984
ts 0.101123593748 0.0 0.019999999553 0.0625
eeg 825.780151367 812.620300293 842.229919434 814.265258789
eeg 822.49017334 810.975280762 845.519897461 817.555236816
eeg 814.265258789 799.460449219 838.940002441 819.200195312
eeg 809.330322266 789.590576172 835.650024414 815.91027832
eeg 812.620300293 797.815490723 832.360046387 827.425109863
eeg 812.620300293 794.525512695 834.005004883 820.845214844
eeg 810.975280762 809.330322266 827.425109863 810.975280762
eeg 814.265258789 809.330322266 842.229919434 815.91027832
eeg 812.620300293 802.750427246 845.519897461 815.91027832
eeg 809.330322266 806.040344238 835.650024414 817.555236816
eeg 807.68536377 806.040344238 840.584960938 819.200195312
eeg 810.975280762 807.68536377 837.29498291 817.555236816
eeg 810.975280762 807.68536377 842.229919434 817.555236816
eeg 810.975280762 810.975280762 845.519897461 822.49017334
eeg 812.620300293 807.68536377 842.229919434 820.845214844
eeg 815.91027832 814.265258789 840.584960938 825.780151367
eeg 812.620300293 814.265258789 830.715087891 822.49017334
eeg 824.135131836 819.200195312 843.874938965 835.650024414
eeg 815.91027832 812.620300293 834.005004883 835.650024414
eeg 810.975280762 804.395385742 825.780151367 825.780151367
eeg 824.135131836 802.750427246 834.005004883 834.005004883
eeg 824.135131836 807.68536377 829.070068359 835.650024414
a 0.322994381189 0.103259243071 0.0718288570642 0.344957441092
b 0.0665460675955 0.114153780043 0.0899387821555 0.0898870378733
d 0.440104007721 0.657589673996 0.643437564373 0.351668387651
g 0.0406655371189 0.0676079839468 0.0779614001513 0.0772859677672
t 0.129690006375 0.0573893375695 0.116833388805 0.136201158166
h 1.0 1.0 1.0 1.0
c 1.0
Aa 1.03822338581 0.321458101273 0.501809298992 1.03589248657
Ab 0.352150827646 0.365019440651 0.599457323551 0.451824009418
Ad 1.17258381844 1.12548410892 1.45401668549 1.04426026344
Ag 0.138254970312 0.137527152896 0.537389993668 0.386227607727
At 0.641934990883 0.0663603693247 0.713077306747 0.632307708263
as 0.75 0.0 0.0 0.824561417103
bs 0.142857149243 0.296296298504 0.75 0.333333343267
ds 0.515151500702 0.228571429849 0.485294103622 0.292682915926
gs 0.511627912521 0.262499988079 1.0 0.814814805984
ts 0.078651688993 0.0 0.0 0.0
eeg 822.49017334 822.49017334 830.715087891 830.715087891
eeg 825.780151367 815.91027832 829.070068359 835.650024414
eeg 820.845214844 819.200195312 830.715087891 827.425109863
eeg 829.070068359 824.135131836 834.005004883 834.005004883
eeg 824.135131836 820.845214844 834.005004883 837.29498291
eeg 825.780151367 820.845214844 837.29498291 838.940002441
eeg 825.780151367 817.555236816 832.360046387 834.005004883
eeg 825.780151367 817.555236816 827.425109863 842.229919434
eeg 829.070068359 814.265258789 838.940002441 840.584960938
eeg 820.845214844 807.68536377 832.360046387 840.584960938
eeg 819.200195312 806.040344238 832.360046387 830.715087891
eeg 824.135131836 810.975280762 842.229919434 830.715087891
eeg 819.200195312 817.555236816 827.425109863 829.070068359
eeg 822.49017334 820.845214844 832.360046387 835.650024414
eeg 824.135131836 819.200195312 834.005004883 835.650024414
eeg 819.200195312 810.975280762 832.360046387 814.265258789
eeg 822.49017334 817.555236816 843.874938965 830.715087891
eeg 834.005004883 817.555236816 853.744812012 845.519897461
eeg 832.360046387 822.49017334 850.454833984 845.519897461
eeg 827.425109863 824.135131836 847.164855957 843.874938965
eeg 834.005004883 824.135131836 845.519897461 837.29498291
eeg 832.360046387 825.780151367 848.809875488 829.070068359
a 0.336884647608 0.112701915205 0.0732740908861 0.35597166419
b 0.0695917382836 0.116900965571 0.0984650477767 0.095434397459
d 0.421906232834 0.641135632992 0.650930821896 0.336901307106
g 0.0411982014775 0.068896971643 0.0801222324371 0.0806098431349
t 0.130419179797 0.0603644922376 0.0972078219056 0.13108278811
h 1.0 1.0 1.0 1.0
c 1.0
Aa 1.03822338581 0.341484874487 0.504349708557 1.03589248657
Ab 0.353299885988 0.357371687889 0.632681369781 0.464181989431
Ad 1.13595819473 1.09650349617 1.45293414593 1.01197969913
Ag 0.125620484352 0.127753704786 0.543152332306 0.390865117311
At 0.626083731651 0.070335149765 0.627100467682 0.602022707462
as 0.746268630028 0.0 0.0 0.821428596973
bs 0.142857149243 0.296296298504 0.9375 0.366666674614
ds 0.454545468092 0.185714289546 0.485294103622 0.20000000298
gs 0.465116292238 0.25 1.0 0.85185188055
ts 0.0561797767878 0.0 0.0 0.0
eeg 840.584960938 822.49017334 855.389770508 845.519897461
eeg 837.29498291 824.135131836 857.034729004 842.229919434
eeg 834.005004883 822.49017334 853.744812012 834.005004883
eeg 840.584960938 825.780151367 848.809875488 838.940002441
eeg 840.584960938 817.555236816 842.229919434 842.229919434
eeg 837.29498291 810.975280762 837.29498291 835.650024414
eeg 837.29498291 820.845214844 855.389770508 842.229919434
eeg 825.780151367 817.555236816 858.679748535 835.650024414
eeg 827.425109863 820.845214844 866.904663086 842.229919434
eeg 822.49017334 824.135131836 863.614685059 832.360046387
eeg 820.845214844 815.91027832 847.164855957 825.780151367
eeg 822.49017334 815.91027832 845.519897461 827.425109863
eeg 817.555236816 817.555236816 847.164855957 829.070068359
eeg 824.135131836 812.620300293 847.164855957 832.360046387
eeg 819.200195312 807.68536377 840.584960938 830.715087891
eeg 825.780151367 824.135131836 838.940002441 837.29498291
eeg 830.715087891 827.425109863 837.29498291 838.940002441
eeg 820.845214844 820.845214844 843.874938965 829.070068359
eeg 825.780151367 817.555236816 848.809875488 827.425109863
eeg 825.780151367 817.555236816 850.454833984 824.135131836
eeg 825.780151367 815.91027832 842.229919434 825.780151367
eeg 832.360046387 820.845214844 843.874938965 832.360046387
a 0.349781304598 0.116252027452 0.0773966088891 0.364730864763
b 0.0715116411448 0.119852773845 0.109762310982 0.0989135429263
d 0.40736925602 0.630499005318 0.64703309536 0.32542476058
g 0.0415563583374 0.0704820305109 0.0866325870156 0.0831927806139
t 0.1297814399 0.0629141703248 0.0791753977537 0.127738058567
h 1.0 1.0 1.0 1.0
c 1.0
Aa 1.03822338581 0.341484874487 0.507556021214 1.03589248657
Ab 0.34880360961 0.354732453823 0.659287333488 0.469175696373
Ad 1.10441505909 1.07576870918 1.42976057529 0.986370563507
Ag 0.113064326346 0.124162755907 0.556515395641 0.394005566835
At 0.607639431953 0.0748328343034 0.517424404621 0.580240249634
as 0.746268630028 0.0 0.0204081628472 0.821428596973
bs 0.142857149243 0.269230782986 1.0 0.40000000596
ds 0.409090906382 0.157142862678 0.45588234067 0.125
gs 0.441860467196 0.23749999702 1.0 0.85185188055
ts 0.0449438206851 0.0 0.0 0.0
eeg 834.005004883 819.200195312 845.519897461 834.005004883
eeg 838.940002441 827.425109863 840.584960938 834.005004883
eeg 837.29498291 829.070068359 850.454833984 847.164855957
eeg 830.715087891 825.780151367 847.164855957 842.229919434
eeg 830.715087891 812.620300293 843.874938965 837.29498291
eeg 834.005004883 814.265258789 850.454833984 835.650024414
eeg 837.29498291 817.555236816 847.164855957 840.584960938
eeg 840.584960938 815.91027832 855.389770508 848.809875488
eeg 837.29498291 824.135131836 850.454833984 837.29498291
eeg 830.715087891 827.425109863 840.584960938 837.29498291
eeg 824.135131836 825.780151367 847.164855957 822.49017334
eeg 824.135131836 819.200195312 842.229919434 829.070068359
eeg 822.49017334 817.555236816 847.164855957 832.360046387
eeg 827.425109863 807.68536377 852.09979248 835.650024414
eeg 829.070068359 822.49017334 838.940002441 838.940002441
eeg 824.135131836 829.070068359 847.164855957 829.070068359
eeg 820.845214844 824.135131836 850.454833984 829.070068359
eeg 825.780151367 820.845214844 843.874938965 832.360046387
eeg 822.49017334 822.49017334 840.584960938 830.715087891
eeg 824.135131836 820.845214844 842.229919434 825.780151367
eeg 837.29498291 819.200195312 847.164855957 835.650024414
eeg 838.940002441 825.780151367 855.389770508 842.229919434
a 0.362162739038 0.118332013488 0.0844885259867 0.371740430593
b 0.0724392682314 0.122451283038 0.123998634517 0.0999669134617
d 0.396329134703 0.623208701611 0.624704122543 0.317607432604
g 0.0418569594622 0.0720524787903 0.0987936258316 0.0847765803337
t 0.127211898565 0.0639555081725 0.0680151209235 0.125908657908
h 1.0 1.0 1.0 1.0
c 1.0
Aa 1.03822338581 0.341484874487 0.507556021214 1.03589248657
Ab 0.339293688536 0.356345981359 0.674175202847 0.465508937836
Ad 1.07737565041 1.06301617622 1.37643265724 0.967543303967
Ag 0.101087324321 0.126031562686 0.57548725605 0.393928557634
At 0.583847343922 0.0742605701089 0.413363754749 0.565708220005
as 0.742424249649 0.0 0.0204081628472 0.821428596973
bs 0.114285714924 0.269230782986 1.0 0.344827592373
ds 0.375 0.130434781313 0.373134315014 0.0750000029802
gs 0.404761910439 0.23749999702 1.0 0.85185188055
ts 0.0113636367023 0.0 0.0 0.0
eeg 842.229919434 819.200195312 865.259643555 847.164855957
eeg 843.874938965 817.555236816 861.969726562 848.809875488
eeg 837.29498291 825.780151367 857.034729004 840.584960938
eeg 838.940002441 829.070068359 858.679748535 835.650024414
eeg 835.650024414 829.070068359 858.679748535 845.519897461
eeg 834.005004883 822.49017334 863.614685059 843.874938965
eeg 837.29498291 822.49017334 857.034729004 834.005004883
eeg 834.005004883 824.135131836 848.809875488 835.650024414
eeg 832.360046387 817.555236816 843.874938965 829.070068359
eeg 830.715087891 824.135131836 852.09979248 830.715087891
eeg 822.49017334 825.780151367 852.09979248 830.715087891
eeg 820.845214844 825.780151367 858.679748535 827.425109863
eeg 819.200195312 819.200195312 860.324707031 827.425109863
eeg 815.91027832 815.91027832 858.679748535 829.070068359
eeg 812.620300293 819.200195312 863.614685059 827.425109863
eeg 814.265258789 825.780151367 863.614685059 827.425109863
eeg 815.91027832 825.780151367 858.679748535 832.360046387
eeg 809.330322266 824.135131836 843.874938965 824.135131836
eeg 815.91027832 822.49017334 845.519897461 827.425109863
eeg 817.555236816 827.425109863 847.164855957 835.650024414
eeg 819.200195312 824.135131836 842.229919434 834.005004883
eeg 824.135131836 825.780151367 840.584960938 834.005004883
a 0.373900711536 0.119767069817 0.0928737148643 0.377535879612
b 0.0726053342223 0.125189870596 0.141833737493 0.0992783010006
d 0.388023734093 0.617640376091 0.580949783325 0.312938302755
g 0.0420330874622 0.0738635361195 0.117062814534 0.0853976011276
t 0.123437128961 0.0635391622782 0.067279972136 0.124849937856
h 1.0 1.0 1.0 1.0
c 1.0
Aa 1.03822338581 0.341484874487 0.494099646807 1.03589248657
Ab 0.326435685158 0.360716640949 0.677986383438 0.455788552761
Ad 1.05432546139 1.05388307571 1.29034543037 0.954392910004
Ag 0.0890584141016 0.131577536464 0.594625771046 0.390379905701
At 0.556912958622 0.0661889240146 0.354092657566 0.55532258749
as 0.742424249649 0.0 0.0 0.821428596973
bs 0.0571428574622 0.280000001192 1.0 0.310344815254
ds 0.34375 0.115942031145 0.242424249649 0.0500000007451
gs 0.380952388048 0.25 1.0 0.85185188055
ts 0.0 0.0 0.0 0.0
eeg 830.715087891 824.135131836 837.29498291 843.874938965
eeg 829.070068359 822.49017334 843.874938965 835.650024414
eeg 834.005004883 834.005004883 852.09979248 838.940002441
eeg 837.29498291 820.845214844 853.744812012 835.650024414
eeg 832.360046387 824.135131836 847.164855957 835.650024414
eeg 853.744812012 832.360046387 845.519897461 853.744812012
eeg 858.679748535 819.200195312 835.650024414 861.969726562
eeg 835.650024414 819.200195312 840.584960938 842.229919434
eeg 835.650024414 820.845214844 847.164855957 832.360046387
eeg 834.005004883 810.975280762 850.454833984 842.229919434
eeg 824.135131836 809.330322266 853.744812012 837.29498291
eeg 829.070068359 802.750427246 853.744812012 845.519897461
eeg 820.845214844 801.105407715 850.454833984 842.229919434
eeg 822.49017334 799.460449219 858.679748535 850.454833984
eeg 822.49017334 796.170471191 857.034729004 850.454833984
eeg 838.940002441 799.460449219 858.679748535 863.614685059
eeg 834.005004883 802.750427246 853.744812012 861.969726562
eeg 834.005004883 810.975280762 852.09979248 863.614685059
eeg 838.940002441 817.555236816 858.679748535 871.839599609
eeg 838.940002441 815.91027832 852.09979248 863.614685059
eeg 832.360046387 809.330322266 858.679748535 866.904663086
eeg 838.940002441 810.975280762 873.484558105 870.194580078
a 0.384911805391 0.122217454016 0.105958029628 0.383156985044
b 0.0722143277526 0.12825012207 0.161778494716 0.0981352031231
d 0.381156891584 0.611177623272 0.516201376915 0.309256225824
g 0.0421620570123 0.0759863182902 0.138861209154 0.0854655429721
t 0.119554907084 0.062368504703 0.0772009044886 0.123986057937
h 1.0 1.0 1.0 1.0
c 1.0
Aa 1.03822338581 0.344830453396 0.491110026836 1.03589248657
Ab 0.311485588551 0.365755021572 0.67489695549 0.44434055686
Ad 1.03396594524 1.04386460781 1.17879533768 0.94283413887
Ag 0.0777839794755 0.138432607055 0.608557105064 0.384306788445
At 0.530429601669 0.0526625476778 0.353598564863 0.545888602734
as 0.742424249649 0.0 0.0 0.821428596973
bs 0.0285714287311 0.280000001192 1.0 0.275862067938
ds 0.3125 0.101449273527 0.0757575780153 0.0250000003725
gs 0.365853667259 0.262499988079 1.0 0.814814805984
ts 0.0 0.0 0.0 0.0
eeg 840.584960938 814.265258789 865.259643555 866.904663086
eeg 838.940002441 809.330322266 870.194580078 868.549621582
eeg 842.229919434 817.555236816 866.904663086 868.549621582
eeg 847.164855957 820.845214844 868.549621582 866.904663086
eeg 848.809875488 825.780151367 870.194580078 863.614685059
eeg 852.09979248 830.715087891 873.484558105 865.259643555
eeg 855.389770508 837.29498291 863.614685059 863.614685059
eeg 855.389770508 838.940002441 865.259643555 865.259643555
eeg 855.389770508 838.940002441 868.549621582 863.614685059
eeg 852.09979248 822.49017334 863.614685059 858.679748535
eeg 848.809875488 809.330322266 863.614685059 852.09979248
eeg 852.09979248 812.620300293 865.259643555 868.549621582
eeg 855.389770508 814.265258789 865.259643555 868.549621582
eeg 840.584960938 832.360046387 853.744812012 835.650024414
eeg 837.29498291 838.940002441 852.09979248 835.650024414
eeg 837.29498291 838.940002441 834.005004883 829.070068359
eeg 838.940002441 847.164855957 832.360046387 829.070068359
eeg 848.809875488 845.519897461 834.005004883 832.360046387
eeg 834.005004883 848.809875488 820.845214844 819.200195312
eeg 832.360046387 848.809875488 815.91027832 814.265258789
eeg 830.715087891 847.164855957 815.91027832 822.49017334
eeg 835.650024414 845.519897461 820.845214844 832.360046387
a 0.404803514481 0.105409637094 0.117099791765 0.38922509551
b 0.0704805254936 0.130608320236 0.181763634086 0.0973665192723
d 0.368216693401 0.623567402363 0.446636646986 0.30428737402
g 0.0416874475777 0.0802683159709 0.15957659483 0.0853909701109
t 0.114811807871 0.0601463466883 0.0949233174324 0.123730048537
h 1.0 1.0 1.0 1.0
c 1.0
Aa 1.05547130108 0.256522655487 0.479710131884 1.03589248657
Ab 0.296296209097 0.349613189697 0.6706610322 0.434101253748
Ad 1.01433050632 1.02852571011 1.06110835075 0.928975522518
Ag 0.068232357502 0.138186499476 0.614123225212 0.377103596926
At 0.508213579655 0.0128516023979 0.388526916504 0.538166821003
as 0.757575750351 0.0 0.0 0.821428596973
bs 0.0 0.239999994636 1.0 0.24137930572
ds 0.28125 0.0869565233588 0.0 0.0
gs 0.341463416815 0.262499988079 1.0 0.777777791023
ts 0.0 0.0 0.0 0.0
eeg 832.360046387 842.229919434 824.135131836 827.425109863
eeg 830.715087891 840.584960938 829.070068359 829.070068359
eeg 829.070068359 842.229919434 825.780151367 829.070068359
eeg 832.360046387 832.360046387 834.005004883 840.584960938
eeg 842.229919434 830.715087891 830.715087891 848.809875488
eeg 845.519897461 825.780151367 827.425109863 847.164855957
eeg 842.229919434 827.425109863 832.360046387 830.715087891
eeg 842.229919434 832.360046387 838.940002441 832.360046387
eeg 843.874938965 829.070068359 845.519897461 830.715087891
eeg 845.519897461 837.29498291 842.229919434 830.715087891
eeg 848.809875488 835.650024414 840.584960938 837.29498291
eeg 843.874938965 832.360046387 829.070068359 822.49017334
eeg 838.940002441 834.005004883 827.425109863 820.845214844
eeg 842.229919434 834.005004883 827.425109863 825.780151367
eeg 842.229919434 829.070068359 827.425109863 829.070068359
eeg 840.584960938 824.135131836 830.715087891 830.715087891
eeg 834.005004883 817.555236816 824.135131836 830.715087891
eeg 827.425109863 822.49017334 834.005004883 820.845214844
eeg 834.005004883 829.070068359 847.164855957 829.070068359
eeg 830.715087891 825.780151367 848.809875488 837.29498291
eeg 820.845214844 825.780151367 850.454833984 827.425109863
eeg 814.265258789 815.91027832 834.005004883 822.49017334
a 0.426397413015 0.116382516921 0.125873699784 0.401074409485
b 0.0687829628587 0.129579424858 0.197174951434 0.101070165634
d 0.352749824524 0.613660156727 0.389601409435 0.292653024197
g 0.0412029549479 0.0818781778216 0.171593636274 0.0904112681746
t 0.110866844654 0.0584997348487 0.115756303072 0.11479113251
h 1.0 1.0 1.0 1.0
c 1.0
Aa 1.07637238503 0.289142370224 0.475125968456 1.01113700867
Ab 0.284038692713 0.335790663958 0.67004275322 0.412535011768
Ad 0.994024634361 1.01118254662 0.965811491013 0.87426507473
Ag 0.0614861622453 0.136422812939 0.609692156315 0.364134609699
At 0.491359502077 -0.00959147326648 0.438735634089 0.467820376158
as 0.787878811359 0.0 0.0 0.785714268684
bs 0.0 0.159999996424 1.0 0.172413796186
ds 0.25 0.0579710155725 0.0 0.0
gs 0.31707316637 0.285714298487 1.0 0.740740716457
ts 0.0 0.0 0.0 0.0
eeg 822.49017334 814.265258789 835.650024414 835.650024414
eeg 825.780151367 824.135131836 838.940002441 837.29498291
eeg 822.49017334 824.135131836 845.519897461 835.650024414
eeg 820.845214844 815.91027832 838.940002441 837.29498291
eeg 827.425109863 824.135131836 832.360046387 824.135131836
eeg 829.070068359 825.780151367 830.715087891 830.715087891
eeg 835.650024414 827.425109863 824.135131836 837.29498291
eeg 832.360046387 832.360046387 827.425109863 840.584960938
eeg 832.360046387 829.070068359 820.845214844 840.584960938
eeg 837.29498291 825.780151367 822.49017334 848.809875488
eeg 840.584960938 829.070068359 829.070068359 853.744812012
eeg 837.29498291 832.360046387 822.49017334 843.874938965
eeg 830.715087891 830.715087891 824.135131836 840.584960938
eeg 822.49017334 824.135131836 817.555236816 830.715087891
eeg 825.780151367 822.49017334 820.845214844 832.360046387
eeg 824.135131836 824.135131836 827.425109863 832.360046387
eeg 820.845214844 820.845214844 830.715087891 819.200195312
eeg 824.135131836 819.200195312 825.780151367 817.555236816
eeg 820.845214844 817.555236816 825.780151367 819.200195312
eeg 817.555236816 814.265258789 832.360046387 825.780151367
eeg 827.425109863 822.49017334 840.584960938 840.584960938
eeg 827.425109863 822.49017334 840.584960938 840.584960938
a 0.458123534918 0.138886153698 0.129664093256 0.361659139395
b 0.0728037953377 0.12963616848 0.204761996865 0.111771501601
d 0.325812071562 0.586457550526 0.356579840183 0.304932117462
g 0.042939465493 0.0819806978106 0.171151787043 0.100805155933
t 0.100321128964 0.0630393996835 0.137842282653 0.12083209306
h 1.0 1.0 1.0 1.0
c 1.0
Aa 1.06500065327 0.361064851284 0.476106792688 0.905373871326
Ab 0.266172140837 0.331132113934 0.674536406994 0.395405501127
Ad 0.916985273361 0.986642479897 0.915443837643 0.831277608871
Ag 0.0368747338653 0.132117524743 0.596668481827 0.350557178259
At 0.405410528183 0.0180179923773 0.502669513226 0.429256737232
as 0.772727251053 0.0338983051479 0.0 0.589285731316
bs 0.0 0.166666671634 1.0 0.0714285746217
ds 0.125 0.0 0.0 0.0
gs 0.243902444839 0.285714298487 1.0 0.703703701496
ts 0.0 0.0 0.0 0.0
eeg 822.49017334 817.555236816 827.425109863 825.780151367
eeg 820.845214844 820.845214844 830.715087891 835.650024414
eeg 819.200195312 817.555236816 827.425109863 830.715087891
eeg 825.780151367 820.845214844 834.005004883 837.29498291
eeg 827.425109863 820.845214844 842.229919434 834.005004883
eeg 825.780151367 819.200195312 832.360046387 832.360046387
eeg 829.070068359 820.845214844 834.005004883 837.29498291
eeg 825.780151367 814.265258789 842.229919434 840.584960938
eeg 829.070068359 819.200195312 840.584960938 845.519897461
eeg 830.715087891 817.555236816 845.519897461 847.164855957
eeg 829.070068359 815.91027832 842.229919434 847.164855957
eeg 827.425109863 815.91027832 842.229919434 835.650024414
eeg 835.650024414 814.265258789 847.164855957 847.164855957
eeg 842.229919434 817.555236816 853.744812012 855.389770508
eeg 842.229919434 822.49017334 855.389770508 860.324707031
eeg 843.874938965 827.425109863 845.519897461 853.744812012
eeg 847.164855957 829.070068359 850.454833984 850.454833984
eeg 845.519897461 830.715087891 855.389770508 850.454833984
eeg 847.164855957 830.715087891 857.034729004 852.09979248
eeg 837.29498291 825.780151367 850.454833984 838.940002441
eeg 835.650024414 819.200195312 847.164855957 832.360046387
eeg 829.070068359 819.200195312 837.29498291 832.360046387
a 0.490808576345 0.168940037489 0.137174740434 0.294950306416
b 0.0754897594452 0.133222788572 0.201208397746 0.121606230736
d 0.297956436872 0.540387749672 0.343236535788 0.335371673107
g 0.0436479374766 0.0805097520351 0.157564043999 0.108539566398
t 0.0920972824097 0.0769396945834 0.160816267133 0.139532238245
h 1.0 1.0 1.0 1.0
c 1.0
Aa 1.07050764561 0.447731524706 0.516822397709 0.775369167328
Ab 0.257483571768 0.344577461481 0.683194339275 0.390576153994
Ad 0.853748321533 0.952704370022 0.915141761303 0.831146717072
Ag 0.019559264183 0.125847414136 0.577005386353 0.341208428144
At 0.343842357397 0.106149367988 0.585878193378 0.450294882059
as 0.787878811359 0.189655169845 0.0399999991059 0.357142865658
bs 0.0 0.208333328366 1.0 0.0714285746217
ds 0.0317460335791 0.0 0.0 0.0
gs 0.219512194395 0.271428585052 1.0 0.666666686535
ts 0.0 0.0 0.0 0.0
eeg 829.070068359 820.845214844 840.584960938 827.425109863
eeg 827.425109863 814.265258789 842.229919434 829.070068359
eeg 827.425109863 819.200195312 838.940002441 829.070068359
eeg 824.135131836 817.555236816 832.360046387 812.620300293
eeg 824.135131836 815.91027832 840.584960938 825.780151367
eeg 830.715087891 820.845214844 842.229919434 827.425109863
eeg 827.425109863 820.845214844 840.584960938 827.425109863
eeg 835.650024414 817.555236816 848.809875488 838.940002441
eeg 834.005004883 815.91027832 843.874938965 834.005004883
eeg 827.425109863 820.845214844 858.679748535 832.360046387
eeg 830.715087891 812.620300293 857.034729004 840.584960938
eeg 830.715087891 825.780151367 847.164855957 847.164855957
eeg 832.360046387 834.005004883 858.679748535 848.809875488
eeg 832.360046387 825.780151367 858.679748535 834.005004883
eeg 835.650024414 834.005004883 868.549621582 842.229919434
eeg 837.29498291 827.425109863 875.129516602 848.809875488
eeg 837.29498291 817.555236816 876.774536133 847.164855957
eeg 830.715087891 822.49017334 884.999450684 842.229919434
eeg 832.360046387 824.135131836 886.64440918 835.650024414
eeg 835.650024414 824.135131836 884.999450684 842.229919434
eeg 835.650024414 829.070068359 878.419494629 845.519897461
eeg 840.584960938 835.650024414 875.129516602 845.519897461
a 0.527496278286 0.201756417751 0.152319267392 0.264300197363
b 0.0752883702517 0.140391156077 0.189210101962 0.120688416064
d 0.269760489464 0.481845319271 0.338498800993 0.35337048769
g 0.042398955673 0.0777248740196 0.136970326304 0.103839248419
t 0.085055872798 0.0982822403312 0.18300151825 0.157801657915
h 1.0 1.0 1.0 1.0
c 1.0
Aa 1.1021797657 0.533921837807 0.599562346935 0.742512106895
Ab 0.256688266993 0.376434206963 0.693751871586 0.402080237865
Ad 0.810938715935 0.912002086639 0.94636464119 0.868644893169
Ag 0.00731552857906 0.119654484093 0.55343401432 0.336776196957
At 0.309664666653 0.221569523215 0.67926222086 0.51852619648
as 0.846153855324 0.327586203814 0.229166671634 0.290909081697
bs 0.0 0.333333343267 1.0 0.107142858207
ds 0.0 0.0 0.0 0.0
gs 0.195121943951 0.271428585052 1.0 0.615384638309
ts 0.0 0.0173913035542 0.0 0.0
eeg 838.940002441 829.070068359 889.934387207 832.360046387
eeg 834.005004883 824.135131836 888.289367676 827.425109863
eeg 838.940002441 822.49017334 891.579345703 835.650024414
eeg 830.715087891 820.845214844 886.64440918 837.29498291
eeg 824.135131836 829.070068359 865.259643555 829.070068359
eeg 824.135131836 824.135131836 866.904663086 820.845214844
eeg 819.200195312 832.360046387 863.614685059 824.135131836
eeg 817.555236816 837.29498291 852.09979248 830.715087891
eeg 832.360046387 832.360046387 857.034729004 845.519897461
eeg 822.49017334 822.49017334 878.419494629 847.164855957
eeg 807.68536377 807.68536377 884.999450684 827.425109863
eeg 812.620300293 807.68536377 889.934387207 832.360046387
eeg 794.525512695 802.750427246 883.354431152 824.135131836
eeg 801.105407715 791.235534668 881.709472656 830.715087891
eeg 796.170471191 787.945556641 886.64440918 837.29498291
eeg 791.235534668 778.075683594 893.224304199 837.29498291
eeg 787.945556641 773.14074707 884.999450684 840.584960938
eeg 778.075683594 759.980895996 873.484558105 829.070068359
eeg 778.075683594 751.75604248 880.064453125 824.135131836
eeg 781.365661621 753.401000977 865.259643555 820.845214844
eeg 783.010620117 758.3359375 861.969726562 822.49017334
eeg 786.300598145 764.91583252 863.614685059 829.070068359
a 0.557189226151 0.232297465205 0.169502407312 0.280548214912
b 0.0745890662074 0.149020716548 0.173857212067 0.113184213638
d 0.247806608677 0.423412084579 0.33884114027 0.348691940308
g 0.0404681563377 0.0742632970214 0.116908468306 0.0915069133043
t 0.0799469426274 0.121006444097 0.200890734792 0.166068732738
h 1.0 1.0 1.0 1.0
c 0.989660441875
Aa 1.13220536709 0.610928475857 0.691465854645 0.820639491081
Ab 0.258877903223 0.418130606413 0.702482640743 0.426417857409
Ad 0.780315577984 0.871647238731 0.992286086082 0.915073931217
Ag -0.00668386695907 0.115658216178 0.530135929585 0.334085911512
At 0.289004564285 0.327692478895 0.765249848366 0.592919886112
as 0.892307698727 0.465517252684 0.416666656733 0.436363637447
bs 0.0 0.541666686535 1.0 0.178571432829
ds 0.0 0.0 0.0 0.0666666701436
gs 0.146341457963 0.246376812458 1.0 0.615384638309
ts 0.0 0.113043479621 0.109090909362 0.0363636352122
eeg 778.075683594 761.625915527 866.904663086 820.845214844
eeg 783.010620117 761.625915527 875.129516602 824.135131836
eeg 786.300598145 761.625915527 860.324707031 822.49017334
eeg 791.235534668 763.270874023 852.09979248 825.780151367
eeg 791.235534668 768.205810547 850.454833984 825.780151367
eeg 789.590576172 771.495788574 850.454833984 824.135131836
eeg 801.105407715 776.430725098 850.454833984 829.070068359
eeg 799.460449219 781.365661621 857.034729004 829.070068359
eeg 802.750427246 783.010620117 853.744812012 832.360046387
eeg 807.68536377 789.590576172 847.164855957 834.005004883
eeg 807.68536377 789.590576172 847.164855957 838.940002441
eeg 810.975280762 779.720703125 838.940002441 842.229919434
eeg 806.040344238 781.365661621 848.809875488 840.584960938
eeg 807.68536377 787.945556641 855.389770508 843.874938965
eeg 807.68536377 792.880554199 845.519897461 840.584960938
eeg 804.395385742 794.525512695 840.584960938 840.584960938
eeg 810.975280762 797.815490723 843.874938965 842.229919434
eeg 810.975280762 797.815490723 845.519897461 825.780151367
eeg 812.620300293 791.235534668 847.164855957 834.005004883
eeg 814.265258789 794.525512695 845.519897461 830.715087891
eeg 814.265258789 804.395385742 843.874938965 824.135131836
eeg 810.975280762 797.815490723 842.229919434 829.070068359
a 0.569925367832 0.240557774901 0.17775644362 0.301992148161
b 0.0757539868355 0.159088268876 0.160443529487 0.1083201617
d 0.237129285932 0.385196238756 0.345265895128 0.338329166174
g 0.039070289582 0.0720691606402 0.102125838399 0.0811267346144
t 0.0781210660934 0.143088549376 0.214408308268 0.170231789351
h 1.0 1.0 1.0 1.0
c 0.978913486004
Aa 1.13656258583 0.637197256088 0.750670492649 0.900098383427
Ab 0.260150134563 0.45761603117 0.706167340279 0.454811990261
Ad 0.755729854107 0.841659903526 1.03899884224 0.949442148209
Ag -0.0274087358266 0.113727331161 0.509980797768 0.329266697168
At 0.273512810469 0.411582738161 0.832086801529 0.651143372059
as 0.892307698727 0.5 0.541666686535 0.581818163395
bs 0.0 0.708333313465 1.0 0.285714298487
ds 0.0 0.0 0.0131578948349 0.155555561185
gs 0.0975609719753 0.246376812458 1.0 0.615384638309
ts 0.0 0.182608693838 0.236363634467 0.145454540849
eeg 812.620300293 799.460449219 840.584960938 829.070068359
eeg 812.620300293 802.750427246 834.005004883 825.780151367
eeg 817.555236816 796.170471191 838.940002441 837.29498291
eeg 810.975280762 794.525512695 838.940002441 824.135131836
eeg 806.040344238 801.105407715 845.519897461 817.555236816
eeg 809.330322266 802.750427246 853.744812012 822.49017334
eeg 806.040344238 799.460449219 845.519897461 815.91027832
eeg 806.040344238 804.395385742 837.29498291 814.265258789
eeg 806.040344238 799.460449219 822.49017334 809.330322266
eeg 807.68536377 797.815490723 827.425109863 814.265258789
eeg 819.200195312 809.330322266 835.650024414 822.49017334
eeg 820.845214844 809.330322266 840.584960938 838.940002441
eeg 817.555236816 810.975280762 837.29498291 834.005004883
eeg 814.265258789 809.330322266 829.070068359 820.845214844
eeg 817.555236816 804.395385742 837.29498291 827.425109863
eeg 814.265258789 801.105407715 840.584960938 827.425109863
eeg 814.265258789 799.460449219 835.650024414 822.49017334
eeg 820.845214844 799.460449219 837.29498291 825.780151367
eeg 814.265258789 802.750427246 832.360046387 824.135131836
eeg 820.845214844 810.975280762 832.360046387 832.360046387
eeg 822.49017334 810.975280762 850.454833984 829.070068359
eeg 822.49017334 807.68536377 853.744812012 830.715087891
a 0.572549521923 0.238836035132 0.183199167252 0.312089294195
b 0.0755197331309 0.162761896849 0.147609531879 0.107146032155
d 0.234449595213 0.36513248086 0.35708129406 0.33120059967
g 0.0369267687201 0.0685020238161 0.0913345217705 0.0746664404869
t 0.0805543884635 0.164767578244 0.220775485039 0.174897655845
h 1.0 1.0 1.0 1.0
c 0.967438161373
Aa 1.13753151894 0.654878020287 0.79624068737 0.942004323006
Ab 0.257778912783 0.488330900669 0.702431619167 0.477701574564
Ad 0.749767959118 0.839228630066 1.08608436584 0.967816591263
Ag -0.0529402121902 0.112481556833 0.493952184916 0.320850938559
At 0.285807669163 0.493649929762 0.877268075943 0.690509498119
as 0.892307698727 0.534482777119 0.625 0.654545426369
bs 0.0 0.833333313465 1.0 0.392857134342
ds 0.0 0.0 0.0533333346248 0.177777782083
gs 0.0487804859877 0.246376812458 0.942857146263 0.576923072338
ts 0.0 0.252173900604 0.309090912342 0.203703701496
eeg 824.135131836 809.330322266 850.454833984 825.780151367
eeg 822.49017334 809.330322266 860.324707031 829.070068359
eeg 829.070068359 812.620300293 848.809875488 838.940002441
eeg 822.49017334 810.975280762 847.164855957 835.650024414
eeg 820.845214844 815.91027832 834.005004883 824.135131836
eeg 819.200195312 819.200195312 824.135131836 827.425109863
eeg 820.845214844 820.845214844 837.29498291 825.780151367
eeg 827.425109863 820.845214844 842.229919434 832.360046387
eeg 838.940002441 817.555236816 840.584960938 837.29498291
eeg 837.29498291 812.620300293 830.715087891 830.715087891
eeg 832.360046387 817.555236816 824.135131836 824.135131836
eeg 832.360046387 820.845214844 837.29498291 830.715087891
eeg 824.135131836 822.49017334 838.940002441 832.360046387
eeg 827.425109863 819.200195312 824.135131836 834.005004883
eeg 825.780151367 822.49017334 834.005004883 848.809875488
eeg 825.780151367 820.845214844 842.229919434 838.940002441
eeg 829.070068359 814.265258789 855.389770508 845.519897461
eeg 829.070068359 817.555236816 855.389770508 850.454833984
eeg 830.715087891 817.555236816 840.584960938 840.584960938
eeg 825.780151367 819.200195312 838.940002441 840.584960938
eeg 822.49017334 819.200195312 838.940002441 829.070068359
eeg 825.780151367 822.49017334 834.005004883 834.005004883
a 0.553834319115 0.217640846968 0.193367496133 0.314078748226
b 0.0720783695579 0.154865637422 0.132782772183 0.107026576996
d 0.250213980675 0.374534487724 0.373484432697 0.327344238758
g 0.033700440079 0.0618505068123 0.0819428637624 0.0707533657551
t 0.0901728868484 0.191108524799 0.218422427773 0.180797055364
h 1.0 1.0 1.0 1.0
c 0.955234289169
Aa 1.13753151894 0.656914651394 0.853640973568 0.956914544106
Ab 0.251956611872 0.509129345417 0.690399229527 0.489367574453
Ad 0.792463243008 0.892666101456 1.13953006268 0.974880695343
Ag -0.07821277529 0.110517539084 0.480768620968 0.309623062611
At 0.34922760725 0.600454330444 0.906554698944 0.717067301273
as 0.892307698727 0.526315808296 0.75 0.672727286816
bs 0.0 0.956521749496 1.0 0.428571432829
ds 0.0 0.0 0.133333340287 0.20000000298
gs 0.0 0.246376812458 0.914285719395 0.538461565971
ts 0.0 0.347826093435 0.363636374474 0.24074074626
eeg 834.005004883 817.555236816 835.650024414 845.519897461
eeg 834.005004883 814.265258789 838.940002441 834.005004883
eeg 834.005004883 814.265258789 855.389770508 843.874938965
eeg 832.360046387 822.49017334 860.324707031 832.360046387
eeg 827.425109863 822.49017334 843.874938965 829.070068359
eeg 832.360046387 825.780151367 835.650024414 843.874938965
eeg 834.005004883 822.49017334 820.845214844 838.940002441
eeg 838.940002441 810.975280762 837.29498291 842.229919434
eeg 832.360046387 814.265258789 837.29498291 850.454833984
eeg 827.425109863 812.620300293 840.584960938 845.519897461
eeg 834.005004883 822.49017334 838.940002441 835.650024414
eeg 834.005004883 825.780151367 827.425109863 845.519897461
eeg 835.650024414 824.135131836 835.650024414 842.229919434
eeg 835.650024414 820.845214844 837.29498291 855.389770508
eeg 830.715087891 815.91027832 834.005004883 848.809875488
eeg 832.360046387 817.555236816 848.809875488 842.229919434
eeg 840.584960938 819.200195312 855.389770508 860.324707031
eeg 834.005004883 820.845214844 847.164855957 848.809875488
eeg 830.715087891 817.555236816 850.454833984 838.940002441
eeg 825.780151367 814.265258789 832.360046387 829.070068359
eeg 820.845214844 819.200195312 837.29498291 830.715087891
eeg 820.845214844 819.200195312 842.229919434 834.005004883
a 0.511175811291 0.188270330429 0.207291737199 0.313196063042
b 0.0652890354395 0.135039269924 0.116309344769 0.105850078166
d 0.287520974874 0.407105624676 0.394822508097 0.325606971979
g 0.029748827219 0.0520003847778 0.072748452425 0.0681079030037
t 0.106265336275 0.217584401369 0.208827972412 0.187238961458
h 1.0 1.0 1.0 1.0
c 0.942709267139
Aa 1.13753151894 0.666916668415 0.922662496567 0.960332453251
Ab 0.24380145967 0.522594869137 0.671695113182 0.489207297564
Ad 0.887630701065 1.00184190273 1.20248246193 0.977209806442
Ag -0.0975689515471 0.108141362667 0.467904299498 0.297713667154
At 0.455352813005 0.729762554169 0.925869226456 0.736912369728
as 0.892307698727 0.543859660625 0.895833313465 0.690909087658
bs 0.0 1.0 1.0 0.428571432829
ds 0.107692308724 0.121621623635 0.213333338499 0.20000000298
gs 0.0 0.246376812458 0.885714292526 0.5
ts 0.0 0.460869550705 0.40000000596 0.277777791023
eeg 824.135131836 819.200195312 837.29498291 835.650024414
eeg 827.425109863 817.555236816 834.005004883 829.070068359
eeg 832.360046387 814.265258789 830.715087891 829.070068359
eeg 832.360046387 810.975280762 830.715087891 835.650024414
eeg 819.200195312 810.975280762 827.425109863 820.845214844
eeg 827.425109863 802.750427246 830.715087891 827.425109863
eeg 825.780151367 799.460449219 825.780151367 820.845214844
eeg 822.49017334 812.620300293 827.425109863 819.200195312
eeg 825.780151367 810.975280762 825.780151367 827.425109863
eeg 812.620300293 809.330322266 815.91027832 817.555236816
eeg 819.200195312 809.330322266 820.845214844 829.070068359
eeg 824.135131836 809.330322266 834.005004883 835.650024414
eeg 819.200195312 812.620300293 832.360046387 827.425109863
eeg 817.555236816 812.620300293 825.780151367 824.135131836
eeg 822.49017334 809.330322266 827.425109863 832.360046387
eeg 827.425109863 804.395385742 830.715087891 842.229919434
eeg 829.070068359 807.68536377 838.940002441 838.940002441
eeg 822.49017334 815.91027832 843.874938965 830.715087891
eeg 817.555236816 812.620300293 840.584960938 822.49017334
eeg 815.91027832 817.555236816 837.29498291 830.715087891
eeg 817.555236816 817.555236816 837.29498291 840.584960938
eeg 817.555236816 817.555236816 837.29498291 827.425109863
a 0.45792889595 0.178239062428 0.209777772427 0.317582368851
b 0.057540178299 0.110446833074 0.102434918284 0.10288182646
d 0.33430442214 0.43683385849 0.42407387495 0.322169542313
g 0.0260349307209 0.0416171178222 0.0648055896163 0.0654947161674
t 0.124191567302 0.232863113284 0.198907837272 0.191871538758
h 1.0 1.0 1.0 1.0
c 0.929542005062
Aa 1.13663709164 0.738647758961 0.961864590645 0.971793472767
Ab 0.235810294747 0.530798137188 0.650553107262 0.482275724411
Ad 0.999981224537 1.12796115875 1.26754665375 0.978021562099
Ag -0.108604483306 0.106916867197 0.451717525721 0.286143302917
At 0.569931209087 0.854745566845 0.938757002354 0.752947628498
as 0.892307698727 0.684210538864 0.979166686535 0.7090908885
bs 0.0 1.0 0.888888895512 0.392857134342
ds 0.292307704687 0.283783793449 0.29333332181 0.204545453191
gs 0.0 0.333333343267 0.828571438789 0.423076927662
ts 0.0736842080951 0.565217375755 0.436363637447 0.314814805984
eeg 819.200195312 815.91027832 837.29498291 827.425109863
eeg 834.005004883 819.200195312 845.519897461 847.164855957
eeg 825.780151367 824.135131836 842.229919434 829.070068359
eeg 819.200195312 822.49017334 850.454833984 835.650024414
eeg 815.91027832 815.91027832 838.940002441 825.780151367
eeg 814.265258789 814.265258789 827.425109863 819.200195312
eeg 817.555236816 807.68536377 827.425109863 819.200195312
eeg 817.555236816 806.040344238 827.425109863 822.49017334
eeg 812.620300293 809.330322266 834.005004883 814.265258789
eeg 810.975280762 804.395385742 832.360046387 812.620300293
eeg 807.68536377 807.68536377 830.715087891 814.265258789
eeg 814.265258789 804.395385742 835.650024414 819.200195312
eeg 809.330322266 802.750427246 827.425109863 812.620300293
eeg 809.330322266 807.68536377 825.780151367 820.845214844
eeg 812.620300293 804.395385742 825.780151367 825.780151367
eeg 806.040344238 799.460449219 832.360046387 817.555236816
eeg 802.750427246 802.750427246 837.29498291 815.91027832
eeg 810.975280762 802.750427246 832.360046387 822.49017334
eeg 807.68536377 801.105407715 829.070068359 820.845214844
eeg 810.975280762 801.105407715 820.845214844 822.49017334
eeg 810.975280762 804.395385742 825.780151367 824.135131836
eeg 807.68536377 797.815490723 825.780151367 825.780151367
a 0.410534858704 0.162046030164 0.204899400473 0.318503350019
b 0.0511150360107 0.0929465219378 0.0929731875658 0.100795187056
d 0.37672457099 0.466937124729 0.452952891588 0.321276605129
g 0.0232944339514 0.0348115563393 0.058361954987 0.0635769292712
t 0.138331085443 0.243258774281 0.190812557936 0.195847943425
h 1.0 1.0 1.0 1.0
c 0.916053533554
Aa 1.13525497913 0.774975478649 0.976575553417 0.975708186626
Ab 0.230453580618 0.533570230007 0.633392572403 0.476033985615
Ad 1.09792888165 1.23459553719 1.32108783722 0.979473292828
Ag -0.11084292829 0.107060529292 0.431164681911 0.275893718004
At 0.662824690342 0.951405584812 0.945641815662 0.764513194561
as 0.892307698727 0.732142865658 1.0 0.7090908885
bs 0.0 1.0 0.777777791023 0.370370358229
ds 0.430769234896 0.432432442904 0.373333334923 0.209302321076
gs 0.0 0.333333343267 0.771428585052 0.384615391493
ts 0.168421059847 0.646017670631 0.436363637447 0.333333343267
eeg 806.040344238 806.040344238 817.555236816 817.555236816
eeg 810.975280762 812.620300293 827.425109863 817.555236816
eeg 812.620300293 815.91027832 830.715087891 819.200195312
eeg 820.845214844 824.135131836 837.29498291 824.135131836
eeg 819.200195312 822.49017334 840.584960938 830.715087891
eeg 817.555236816 809.330322266 837.29498291 832.360046387
eeg 819.200195312 814.265258789 840.584960938 822.49017334
eeg 822.49017334 810.975280762 832.360046387 832.360046387
eeg 822.49017334 815.91027832 835.650024414 829.070068359
eeg 822.49017334 825.780151367 835.650024414 819.200195312
eeg 824.135131836 825.780151367 848.809875488 837.29498291
eeg 822.49017334 829.070068359 852.09979248 825.780151367
eeg 830.715087891 829.070068359 860.324707031 840.584960938
eeg 827.425109863 825.780151367 858.679748535 845.519897461
eeg 820.845214844 822.49017334 842.229919434 837.29498291
eeg 829.070068359 829.070068359 848.809875488 837.29498291
eeg 834.005004883 827.425109863 855.389770508 848.809875488
eeg 843.874938965 820.845214844 865.259643555 871.839599609
eeg 850.454833984 832.360046387 850.454833984 863.614685059
eeg 843.874938965 840.584960938 845.519897461 845.519897461
eeg 834.005004883 837.29498291 847.164855957 835.650024414
eeg 838.940002441 842.229919434 845.519897461 820.845214844
a 0.37778878212 0.144673779607 0.198189452291 0.317152142525
b 0.0469607524574 0.0823291391134 0.088159956038 0.100121751428
d 0.406687885523 0.491587638855 0.475200146437 0.322265475988
g 0.0217038914561 0.0310722738504 0.0535521581769 0.062064062804
t 0.146858677268 0.250337153673 0.184898272157 0.198396578431
h 1.0 1.0 1.0 1.0
c 0.902565062046
Aa 1.13525497913 0.774975478649 0.976575553417 0.975708186626
Ab 0.229740932584 0.53013920784 0.624766349792 0.474968969822
Ad 1.16726708412 1.30618655682 1.35637152195 0.98265427351
Ag -0.105456486344 0.106958657503 0.408271968365 0.267280727625
At 0.724905490875 1.01311087608 0.946427881718 0.771974682808
as 0.892307698727 0.732142865658 1.0 0.7090908885
bs 0.0 1.0 0.722222208977 0.370370358229
ds 0.538461565971 0.527027010918 0.413333326578 0.209302321076
gs 0.0 0.333333343267 0.714285731316 0.384615391493
ts 0.231578946114 0.699115037918 0.436363637447 0.351851850748
eeg 835.650024414 850.454833984 845.519897461 830.715087891
eeg 834.005004883 860.324707031 838.940002441 829.070068359
eeg 843.874938965 868.549621582 840.584960938 834.005004883
eeg 842.229919434 875.129516602 834.005004883 829.070068359
eeg 845.519897461 865.259643555 837.29498291 835.650024414
eeg 850.454833984 857.034729004 840.584960938 832.360046387
eeg 845.519897461 857.034729004 832.360046387 815.91027832
eeg 850.454833984 853.744812012 843.874938965 835.650024414
eeg 848.809875488 855.389770508 838.940002441 838.940002441
eeg 848.809875488 855.389770508 827.425109863 843.874938965
eeg 842.229919434 847.164855957 830.715087891 829.070068359
eeg 834.005004883 845.519897461 835.650024414 824.135131836
eeg 842.229919434 848.809875488 842.229919434 838.940002441
eeg 842.229919434 847.164855957 837.29498291 832.360046387
eeg 834.005004883 850.454833984 840.584960938 832.360046387
eeg 832.360046387 842.229919434 840.584960938 829.070068359
eeg 830.715087891 835.650024414 829.070068359 822.49017334
eeg 834.005004883 830.715087891 845.519897461 840.584960938
eeg 832.360046387 822.49017334 840.584960938 850.454833984
eeg 842.229919434 820.845214844 843.874938965 848.809875488
eeg 835.650024414 838.940002441 843.874938965 827.425109863
eeg 834.005004883 842.229919434 843.874938965 829.070068359
a 0.357840120792 0.136178761721 0.19577114284 0.314961582422
b 0.0450207516551 0.0759122818708 0.0868526771665 0.100376673043
d 0.425824612379 0.505635738373 0.486610889435 0.324476391077
g 0.0212341584265 0.0291219353676 0.0502197816968 0.0607742331922
t 0.150080367923 0.253151267767 0.180545508862 0.199411123991
h 1.0 1.0 1.0 1.0
c 0.888755440712
Aa 1.13452553749 0.774975478649 0.97842168808 0.975708186626
Ab 0.234249264002 0.521178126335 0.625456213951 0.479083418846
Ad 1.21006727219 1.34470391273 1.37385487556 0.988633692265
Ag -0.092128418386 0.105086326599 0.387547820807 0.261170089245
At 0.757160425186 1.04424619675 0.943259656429 0.777199983597
as 0.892307698727 0.732142865658 1.0 0.7090908885
bs 0.0 0.958333313465 0.722222208977 0.407407402992
ds 0.615384638309 0.581081092358 0.439999997616 0.232558146119
gs 0.0 0.333333343267 0.657142877579 0.346153855324
ts 0.263157904148 0.725663721561 0.436363637447 0.351851850748
eeg 842.229919434 847.164855957 842.229919434 834.005004883
eeg 835.650024414 847.164855957 832.360046387 825.780151367
eeg 834.005004883 845.519897461 824.135131836 819.200195312
eeg 837.29498291 853.744812012 810.975280762 809.330322266
eeg 840.584960938 853.744812012 809.330322266 807.68536377
eeg 845.519897461 850.454833984 814.265258789 822.49017334
eeg 838.940002441 842.229919434 812.620300293 824.135131836
eeg 843.874938965 837.29498291 817.555236816 827.425109863
eeg 840.584960938 845.519897461 817.555236816 830.715087891
eeg 842.229919434 837.29498291 829.070068359 830.715087891
eeg 847.164855957 838.940002441 832.360046387 822.49017334
eeg 845.519897461 838.940002441 827.425109863 822.49017334
eeg 843.874938965 837.29498291 827.425109863 822.49017334
eeg 845.519897461 835.650024414 825.780151367 820.845214844
eeg 837.29498291 832.360046387 827.425109863 819.200195312
eeg 834.005004883 830.715087891 825.780151367 812.620300293
eeg 830.715087891 830.715087891 835.650024414 820.845214844
eeg 837.29498291 835.650024414 837.29498291 834.005004883
eeg 840.584960938 832.360046387 845.519897461 838.940002441
eeg 837.29498291 829.070068359 848.809875488 842.229919434
eeg 838.940002441 832.360046387 835.650024414 840.584960938
eeg 835.650024414 832.360046387 834.005004883 835.650024414
a 0.344273626804 0.132453873754 0.198995366693 0.311188101768
b 0.0445868223906 0.0720160976052 0.0871215239167 0.100706189871
d 0.439399540424 0.512994408607 0.488246142864 0.328634679317
g 0.0214383322746 0.0280631612986 0.0480406731367 0.0596683882177
t 0.150301679969 0.254472434521 0.177596271038 0.1998026371
h 1.0 1.0 1.0 1.0
c 0.875255644321
Aa 1.13104581833 0.774975478649 0.990035295486 0.975708186626
Ab 0.24334859848 0.51034039259 0.631317734718 0.485741347075
Ad 1.23700165749 1.36302340031 1.37983107567 0.99939852953
Ag -0.0746669173241 0.101047381759 0.372801363468 0.25842949748
At 0.771105885506 1.05855154991 0.940626144409 0.783286392689
as 0.892307698727 0.732142865658 1.0 0.7090908885
bs 0.0 0.916666686535 0.777777791023 0.407407402992
ds 0.646153867245 0.602739751339 0.453333348036 0.255813956261
gs 0.0232558138669 0.333333343267 0.600000023842 0.360000014305
ts 0.284210532904 0.74336284399 0.436363637447 0.370370358229
eeg 838.940002441 832.360046387 840.584960938 837.29498291
eeg 837.29498291 825.780151367 838.940002441 838.940002441
eeg 837.29498291 820.845214844 837.29498291 840.584960938
eeg 835.650024414 815.91027832 830.715087891 838.940002441
eeg 834.005004883 819.200195312 822.49017334 837.29498291
eeg 834.005004883 817.555236816 822.49017334 835.650024414
eeg 829.070068359 815.91027832 829.070068359 835.650024414
eeg 827.425109863 815.91027832 835.650024414 838.940002441
eeg 835.650024414 814.265258789 837.29498291 838.940002441
eeg 834.005004883 814.265258789 842.229919434 832.360046387
eeg 838.940002441 820.845214844 845.519897461 847.164855957
eeg 835.650024414 824.135131836 834.005004883 842.229919434
eeg 832.360046387 820.845214844 825.780151367 835.650024414
eeg 838.940002441 815.91027832 822.49017334 838.940002441
eeg 835.650024414 815.91027832 837.29498291 834.005004883
eeg 838.940002441 814.265258789 838.940002441 838.940002441
eeg 838.940002441 817.555236816 837.29498291 835.650024414
eeg 842.229919434 810.975280762 838.940002441 835.650024414
eeg 840.584960938 810.975280762 840.584960938 834.005004883
eeg 832.360046387 819.200195312 842.229919434 837.29498291
eeg 830.715087891 820.845214844 847.164855957 845.519897461
eeg 825.780151367 817.555236816 832.360046387 835.650024414
a 0.33399233222 0.129261776805 0.202869668603 0.305554181337
b 0.044593706727 0.0690279901028 0.087470151484 0.10101493448
d 0.450920492411 0.520320057869 0.486750632524 0.334455013275
g 0.0216959733516 0.0270923543721 0.0466225966811 0.059033613652
t 0.148797512054 0.254297852516 0.176286935806 0.199942260981
h 1.0 1.0 1.0 1.0
c 0.862144172192
Aa 1.12971866131 0.774975478649 1.00226140022 0.975708186626
Ab 0.255255699158 0.502530574799 0.636904239655 0.495005548
Ad 1.26008212566 1.37977588177 1.38235080242 1.0149576664
Ag -0.057638745755 0.0963521227241 0.363640785217 0.261719316244
At 0.778577804565 1.06884801388 0.94126445055 0.791524589062
as 0.892307698727 0.745454549789 1.0 0.7090908885
bs 0.0 0.869565188885 0.777777791023 0.444444447756
ds 0.692307710648 0.630136966705 0.453333348036 0.261904776096
gs 0.0697674453259 0.3125 0.571428596973 0.360000014305
ts 0.29473683238 0.758928596973 0.436363637447 0.388888895512
eeg 825.780151367 812.620300293 824.135131836 829.070068359
eeg 824.135131836 815.91027832 835.650024414 827.425109863
eeg 825.780151367 809.330322266 835.650024414 830.715087891
eeg 817.555236816 814.265258789 829.070068359 824.135131836
eeg 815.91027832 810.975280762 837.29498291 822.49017334
eeg 817.555236816 804.395385742 837.29498291 819.200195312
eeg 820.845214844 807.68536377 835.650024414 819.200195312
eeg 825.780151367 806.040344238 843.874938965 822.49017334
eeg 820.845214844 802.750427246 840.584960938 830.715087891
eeg 817.555236816 804.395385742 838.940002441 825.780151367
eeg 815.91027832 801.105407715 843.874938965 820.845214844
eeg 817.555236816 797.815490723 834.005004883 815.91027832
eeg 815.91027832 806.040344238 830.715087891 817.555236816
eeg 824.135131836 809.330322266 835.650024414 830.715087891
eeg 822.49017334 810.975280762 837.29498291 832.360046387
eeg 819.200195312 812.620300293 840.584960938 830.715087891
eeg 827.425109863 815.91027832 842.229919434 835.650024414
eeg 825.780151367 812.620300293 840.584960938 838.940002441
eeg 827.425109863 824.135131836 838.940002441 842.229919434
eeg 834.005004883 830.715087891 847.164855957 837.29498291
eeg 834.005004883 824.135131836 847.164855957 830.715087891
eeg 832.360046387 830.715087891 840.584960938 832.360046387
a 0.323389023542 0.131606116891 0.20219156146 0.2992220819
b 0.0443342588842 0.0655304789543 0.0875699669123 0.102298416197
d 0.463745772839 0.528640151024 0.487627327442 0.339395463467
g 0.0215583946556 0.0255714897066 0.0457612127066 0.059332434088
t 0.146972551942 0.248651742935 0.176849931479 0.199751615524
h 1.0 1.0 1.0 1.0
c 0.849560916424
Aa 1.12971866131 0.804642558098 1.00278055668 0.975708186626
Ab 0.266732811928 0.501809895039 0.639372646809 0.509583473206
Ad 1.28627336025 1.40852665901 1.38510549068 1.03042054176
Ag -0.0463902205229 0.093122549355 0.357515007257 0.27300670743
At 0.787229597569 1.08095800877 0.944622337818 0.80020481348
as 0.892307698727 0.800000011921 1.0 0.7090908885
bs 0.0 0.869565188885 0.833333313465 0.518518507481
ds 0.723076939583 0.671232879162 0.453333348036 0.309523820877
gs 0.0930232554674 0.319148927927 0.571428596973 0.40000000596
ts 0.29473683238 0.767857134342 0.436363637447 0.415094345808
eeg 835.650024414 824.135131836 850.454833984 838.940002441
eeg 838.940002441 824.135131836 855.389770508 848.809875488
eeg 840.584960938 835.650024414 857.034729004 850.454833984
eeg 838.940002441 837.29498291 853.744812012 843.874938965
eeg 835.650024414 827.425109863 857.034729004 850.454833984
eeg 834.005004883 825.780151367 853.744812012 842.229919434
eeg 830.715087891 824.135131836 855.389770508 842.229919434
eeg 838.940002441 829.070068359 858.679748535 842.229919434
eeg 832.360046387 827.425109863 858.679748535 840.584960938
eeg 830.715087891 829.070068359 865.259643555 848.809875488
eeg 830.715087891 825.780151367 861.969726562 843.874938965
eeg 827.425109863 830.715087891 853.744812012 842.229919434
eeg 824.135131836 824.135131836 848.809875488 830.715087891
eeg 825.780151367 817.555236816 853.744812012 830.715087891
eeg 825.780151367 817.555236816 857.034729004 834.005004883
eeg 829.070068359 819.200195312 850.454833984 830.715087891
eeg 830.715087891 825.780151367 850.454833984 834.005004883
eeg 832.360046387 825.780151367 847.164855957 832.360046387
eeg 830.715087891 824.135131836 850.454833984 834.005004883
eeg 829.070068359 822.49017334 842.229919434 838.940002441
eeg 822.49017334 817.555236816 829.070068359 824.135131836
eeg 817.555236816 814.265258789 827.425109863 824.135131836
a 0.30773460865 0.136715516448 0.20229254663 0.295618593693
b 0.0438528470695 0.0615363977849 0.0873722955585 0.105926692486
d 0.480432361364 0.540312588215 0.489494204521 0.338703125715
g 0.0212062373757 0.0237472653389 0.0450279787183 0.0610723085701
t 0.146773934364 0.237688198686 0.175812959671 0.19867926836
h 1.0 1.0 1.0 1.0
c 0.837839841843
Aa 1.11984550953 0.852540910244 1.00441169739 0.975708186626
Ab 0.27366694808 0.505855202675 0.639805614948 0.529981851578
Ad 1.31330144405 1.44936823845 1.38817942142 1.0347956419
Ag -0.0418672263622 0.0923367217183 0.351914286613 0.290820747614
At 0.798318088055 1.09273076057 0.94348269701 0.803128957748
as 0.876923084259 0.890909075737 1.0 0.7090908885
bs 0.0256410259753 0.869565188885 0.833333313465 0.592592597008
ds 0.769230782986 0.736111104488 0.459459453821 0.309523820877
gs 0.11627907306 0.319148927927 0.542857170105 0.479999989271
ts 0.319148927927 0.776785731316 0.425925940275 0.415094345808
eeg 817.555236816 814.265258789 825.780151367 829.070068359
eeg 814.265258789 812.620300293 834.005004883 824.135131836
eeg 814.265258789 815.91027832 835.650024414 825.780151367
eeg 817.555236816 819.200195312 834.005004883 825.780151367
eeg 817.555236816 814.265258789 840.584960938 815.91027832
eeg 824.135131836 815.91027832 835.650024414 829.070068359
eeg 827.425109863 812.620300293 837.29498291 830.715087891
eeg 815.91027832 804.395385742 834.005004883 825.780151367
eeg 817.555236816 809.330322266 830.715087891 829.070068359
eeg 817.555236816 806.040344238 825.780151367 832.360046387
eeg 815.91027832 809.330322266 824.135131836 825.780151367
eeg 824.135131836 807.68536377 827.425109863 830.715087891
eeg 822.49017334 804.395385742 820.845214844 825.780151367
eeg 817.555236816 809.330322266 819.200195312 814.265258789
eeg 819.200195312 809.330322266 822.49017334 825.780151367
eeg 822.49017334 809.330322266 825.780151367 822.49017334
eeg 819.200195312 804.395385742 824.135131836 824.135131836
eeg 820.845214844 807.68536377 819.200195312 829.070068359
eeg 822.49017334 812.620300293 814.265258789 830.715087891
eeg 824.135131836 817.555236816 825.780151367 827.425109863
eeg 827.425109863 815.91027832 835.650024414 827.425109863
eeg 820.845214844 802.750427246 834.005004883 824.135131836
a 0.289736330509 0.135354429483 0.206689909101 0.298562943935
b 0.0431667678058 0.0576697289944 0.0875858515501 0.112524420023
d 0.497151643038 0.558458805084 0.490371465683 0.326364815235
g 0.0208977703005 0.0222753100097 0.0446019433439 0.0644907206297
t 0.149047508836 0.226241707802 0.170750826597 0.198057100177
h 1.0 1.0 1.0 1.0
c 0.82678681612
Aa 1.10026466846 0.876682162285 1.01343178749 0.975708186626
Ab 0.273411244154 0.506157577038 0.640546500683 0.551919043064
Ad 1.3347505331 1.49220085144 1.38863778114 1.01437556744
Ag -0.0416383594275 0.0930334106088 0.347466319799 0.310169458389
At 0.81158643961 1.09978234768 0.930475413799 0.797462642193
as 0.846153855324 0.927272737026 1.0 0.7090908885
bs 0.0256410259753 0.869565188885 0.833333313465 0.666666686535
ds 0.800000011921 0.791666686535 0.47297295928 0.261904776096
gs 0.11627907306 0.319148927927 0.542857170105 0.560000002384
ts 0.336956530809 0.785714268684 0.407407402992 0.384615391493
eeg 817.555236816 806.040344238 834.005004883 824.135131836
eeg 820.845214844 809.330322266 832.360046387 820.845214844
eeg 824.135131836 806.040344238 845.519897461 832.360046387
eeg 817.555236816 809.330322266 845.519897461 820.845214844
eeg 822.49017334 806.040344238 842.229919434 824.135131836
eeg 824.135131836 806.040344238 842.229919434 835.650024414
eeg 825.780151367 815.91027832 834.005004883 832.360046387
eeg 829.070068359 817.555236816 850.454833984 837.29498291
eeg 825.780151367 824.135131836 852.09979248 837.29498291
eeg 824.135131836 825.780151367 847.164855957 832.360046387
eeg 824.135131836 814.265258789 853.744812012 829.070068359
eeg 822.49017334 809.330322266 855.389770508 832.360046387
eeg 820.845214844 812.620300293 853.744812012 837.29498291
eeg 824.135131836 814.265258789 845.519897461 835.650024414
eeg 827.425109863 822.49017334 840.584960938 830.715087891
eeg 830.715087891 824.135131836 838.940002441 837.29498291
eeg 838.940002441 822.49017334 837.29498291 834.005004883
eeg 840.584960938 820.845214844 845.519897461 842.229919434
eeg 835.650024414 829.070068359 850.454833984 838.940002441
eeg 829.070068359 825.780151367 852.09979248 837.29498291
eeg 824.135131836 819.200195312 848.809875488 838.940002441
eeg 827.425109863 819.200195312 845.519897461 830.715087891
a 0.263734847307 0.131367966533 0.215866580606 0.309584587812
b 0.0430708676577 0.0537248626351 0.0887324586511 0.120987318456
d 0.515470981598 0.576572954655 0.489238649607 0.300831764936
g 0.0211457125843 0.0213174372911 0.0448318831623 0.069237396121
t 0.15657761693 0.217016786337 0.1613304317 0.199358925223
h 1.0 1.0 1.0 1.0
c 0.816067695618
Aa 1.05426156521 0.883478164673 1.02813303471 0.975703239441
Ab 0.267277687788 0.495164036751 0.642030119896 0.567663788795
Ad 1.34529829025 1.52584302425 1.38346838951 0.963247597218
Ag -0.0416835919023 0.0937237143517 0.345534592867 0.325264632702
At 0.827823758125 1.10148203373 0.901663899422 0.784559607506
as 0.769230782986 0.962962985039 1.0 0.7090908885
bs 0.0256410259753 0.826086938381 0.833333313465 0.740740716457
ds 0.815384626389 0.833333313465 0.459459453821 0.142857149243
gs 0.11627907306 0.319148927927 0.514285743237 0.600000023842
ts 0.347826093435 0.785714268684 0.351851850748 0.365384608507
eeg 830.715087891 814.265258789 835.650024414 830.715087891
eeg 832.360046387 820.845214844 837.29498291 834.005004883
eeg 830.715087891 825.780151367 834.005004883 832.360046387
eeg 835.650024414 827.425109863 837.29498291 843.874938965
eeg 842.229919434 825.780151367 842.229919434 840.584960938
eeg 838.940002441 824.135131836 855.389770508 835.650024414
eeg 832.360046387 827.425109863 852.09979248 834.005004883
eeg 834.005004883 829.070068359 852.09979248 842.229919434
eeg 829.070068359 834.005004883 843.874938965 832.360046387
eeg 832.360046387 829.070068359 840.584960938 835.650024414
eeg 837.29498291 825.780151367 843.874938965 843.874938965
eeg 835.650024414 819.200195312 838.940002441 837.29498291
eeg 837.29498291 822.49017334 842.229919434 834.005004883
eeg 847.164855957 827.425109863 845.519897461 837.29498291
eeg 845.519897461 838.940002441 848.809875488 834.005004883
eeg 843.874938965 830.715087891 845.519897461 838.940002441
eeg 843.874938965 829.070068359 843.874938965 838.940002441
eeg 835.650024414 830.715087891 843.874938965 835.650024414
eeg 837.29498291 829.070068359 842.229919434 835.650024414
eeg 832.360046387 827.425109863 845.519897461 837.29498291
eeg 829.070068359 825.780151367 857.034729004 834.005004883
eeg 824.135131836 820.845214844 848.809875488 829.070068359
a 0.23621724546 0.125602811575 0.222668871284 0.323984533548
b 0.0434519723058 0.0497330799699 0.0916808694601 0.129174798727
d 0.530499339104 0.592019498348 0.488157570362 0.266903698444
g 0.021831639111 0.0209177006036 0.0459152422845 0.0745284855366
t 0.167999833822 0.211726889014 0.151577457786 0.205408468843
h 1.0 1.0 1.0 1.0
c 0.805682659149
Aa 0.994644880295 0.872777760029 1.0297678709 0.970874667168
Ab 0.25934278965 0.470423787832 0.64438700676 0.571528196335
Ad 1.34601807594 1.54611444473 1.37066829205 0.886704981327
Ag -0.039580360055 0.0942923873663 0.344065189362 0.332672685385
At 0.846642136574 1.09955441952 0.862742960453 0.772968769073
as 0.67692309618 0.944444417953 1.0 0.7090908885
bs 0.0 0.739130437374 0.833333313465 0.740740716457
ds 0.815384626389 0.861111104488 0.445945948362 0.0
gs 0.11627907306 0.304347813129 0.514285743237 0.639999985695
ts 0.362637370825 0.764705896378 0.277777791023 0.346153855324
eeg 832.360046387 830.715087891 850.454833984 835.650024414
eeg 829.070068359 834.005004883 847.164855957 837.29498291
eeg 830.715087891 832.360046387 842.229919434 842.229919434
eeg 827.425109863 827.425109863 834.005004883 834.005004883
eeg 825.780151367 825.780151367 832.360046387 832.360046387
eeg 830.715087891 830.715087891 834.005004883 835.650024414
eeg 835.650024414 827.425109863 847.164855957 840.584960938
eeg 829.070068359 829.070068359 847.164855957 835.650024414
eeg 825.780151367 827.425109863 840.584960938 825.780151367
eeg 822.49017334 829.070068359 835.650024414 829.070068359
eeg 827.425109863 824.135131836 842.229919434 840.584960938
eeg 829.070068359 824.135131836 847.164855957 845.519897461
eeg 835.650024414 832.360046387 852.09979248 850.454833984
eeg 842.229919434 834.005004883 843.874938965 852.09979248
eeg 838.940002441 837.29498291 838.940002441 835.650024414
eeg 834.005004883 830.715087891 850.454833984 842.229919434
eeg 832.360046387 827.425109863 852.09979248 840.584960938
eeg 830.715087891 830.715087891 853.744812012 834.005004883
eeg 837.29498291 827.425109863 853.744812012 850.454833984
eeg 834.005004883 827.425109863 852.09979248 842.229919434
eeg 829.070068359 812.620300293 850.454833984 838.940002441
eeg 822.49017334 817.555236816 842.229919434 835.650024414
a 0.19589728117 0.124673560262 0.225382834673 0.341216892004
b 0.045004889369 0.0457440540195 0.0960998609662 0.133421465755
d 0.552131891251 0.600213944912 0.485321700573 0.232958525419
g 0.0231580920517 0.0208946429193 0.0475858710706 0.0784344524145
t 0.183807834983 0.208473771811 0.145609736443 0.213968664408
h 1.0 1.0 1.0 1.0
c 0.795297563076
Aa 0.891903698444 0.872777760029 1.01648545265 0.970871150494
Ab 0.253135025501 0.437338083982 0.646287322044 0.56306630373
Ad 1.34191811085 1.55530953407 1.34959423542 0.805119216442
Ag -0.0354219190776 0.0970383733511 0.341042608023 0.332347482443
At 0.86423933506 1.09605491161 0.82675498724 0.768190801144
as 0.523076951504 0.944444417953 1.0 0.73584908247
bs 0.0 0.565217375755 0.833333313465 0.703703701496
ds 0.8125 0.875 0.418918907642 0.0
gs 0.11627907306 0.304347813129 0.514285743237 0.639999985695
ts 0.384615391493 0.752475261688 0.207547172904 0.346153855324
eeg 824.135131836 824.135131836 838.940002441 825.780151367
eeg 830.715087891 824.135131836 838.940002441 837.29498291
eeg 837.29498291 822.49017334 843.874938965 835.650024414
eeg 837.29498291 819.200195312 857.034729004 837.29498291
eeg 825.780151367 820.845214844 845.519897461 820.845214844
eeg 822.49017334 814.265258789 842.229919434 815.91027832
eeg 819.200195312 809.330322266 843.874938965 825.780151367
eeg 820.845214844 809.330322266 847.164855957 827.425109863
eeg 827.425109863 810.975280762 850.454833984 838.940002441
eeg 825.780151367 810.975280762 848.809875488 838.940002441
eeg 822.49017334 815.91027832 847.164855957 829.070068359
eeg 825.780151367 812.620300293 850.454833984 837.29498291
eeg 820.845214844 806.040344238 845.519897461 832.360046387
eeg 824.135131836 815.91027832 845.519897461 829.070068359
eeg 824.135131836 822.49017334 847.164855957 835.650024414
eeg 827.425109863 812.620300293 845.519897461 842.229919434
eeg 825.780151367 810.975280762 847.164855957 835.650024414
eeg 829.070068359 824.135131836 863.614685059 843.874938965
eeg 824.135131836 820.845214844 855.389770508 843.874938965
eeg 820.845214844 824.135131836 852.09979248 829.070068359
eeg 819.200195312 829.070068359 845.519897461 834.005004883
eeg 819.200195312 819.200195312 842.229919434 835.650024414
a 0.145176827908 0.125306487083 0.231553047895 0.345440536737
b 0.0479554347694 0.0426933020353 0.101140409708 0.134828552604
d 0.581834733486 0.605325043201 0.472105264664 0.213011145592
g 0.024989631027 0.0213632807136 0.0492163412273 0.0812287330627
t 0.20004338026 0.205311924219 0.145984917879 0.225491046906
h 1.0 1.0 1.0 1.0
c 0.784772694111
Aa 0.732630312443 0.872777760029 1.00640404224 0.955028712749
Ab 0.251570880413 0.405164003372 0.646678268909 0.546437263489
Ad 1.33553266525 1.55679285526 1.31579244137 0.745057702065
Ag -0.0315071195364 0.104472205043 0.333862870932 0.326365083456
At 0.871857225895 1.08721840382 0.806061565876 0.76978468895
as 0.276923090219 0.944444417953 0.980769217014 0.692307710648
bs 0.0 0.434782594442 0.833333313465 0.629629611969
ds 0.796875 0.875 0.356164395809 0.0
gs 0.139534890652 0.326086968184 0.470588237047 0.600000023842
ts 0.395604401827 0.74257427454 0.169811323285 0.346153855324
eeg 825.780151367 817.555236816 847.164855957 834.005004883
eeg 825.780151367 817.555236816 855.389770508 838.940002441
eeg 822.49017334 820.845214844 861.969726562 830.715087891
eeg 820.845214844 817.555236816 855.389770508 825.780151367
eeg 819.200195312 825.780151367 850.454833984 824.135131836
eeg 822.49017334 830.715087891 853.744812012 834.005004883
eeg 829.070068359 829.070068359 855.389770508 838.940002441
eeg 820.845214844 822.49017334 852.09979248 827.425109863
eeg 814.265258789 815.91027832 857.034729004 819.200195312
eeg 812.620300293 812.620300293 852.09979248 822.49017334
eeg 817.555236816 814.265258789 845.519897461 825.780151367
eeg 822.49017334 824.135131836 852.09979248 827.425109863
eeg 827.425109863 820.845214844 850.454833984 832.360046387
eeg 817.555236816 820.845214844 837.29498291 820.845214844
eeg 812.620300293 810.975280762 838.940002441 825.780151367
eeg 815.91027832 809.330322266 838.940002441 832.360046387
eeg 809.330322266 812.620300293 830.715087891 827.425109863
eeg 814.265258789 815.91027832 830.715087891 817.555236816
eeg 812.620300293 810.975280762 837.29498291 825.780151367
eeg 819.200195312 819.200195312 840.584960938 827.425109863
eeg 820.845214844 822.49017334 847.164855957 829.070068359
eeg 822.49017334 822.49017334 845.519897461 832.360046387
a 0.0976657271385 0.126286178827 0.240779653192 0.327957123518
b 0.0525573529303 0.0414555557072 0.107655070722 0.136692076921
d 0.611493110657 0.610467731953 0.446891248226 0.212240308523
g 0.0273101292551 0.0225771535188 0.0511337295175 0.0841506421566
t 0.210973709822 0.199213400483 0.153540313244 0.238959848881
h 1.0 1.0 1.0 1.0
c 0.773742735386
Aa 0.524679243565 0.864502549171 0.994400560856 0.908075809479
Ab 0.255570530891 0.380729466677 0.644815266132 0.528002083302
Ad 1.32132863998 1.54880940914 1.26298260689 0.719086647034
Ag -0.0287392139435 0.116815902293 0.321488261223 0.317316204309
At 0.859165370464 1.0624653101 0.799003183842 0.770583689213
as 0.0 0.925925910473 0.961538434029 0.615384638309
bs 0.0 0.347826093435 0.833333313465 0.615384638309
ds 0.78125 0.875 0.291666656733 0.0
gs 0.119047619402 0.347826093435 0.46875 0.560000002384
ts 0.384615391493 0.722772300243 0.169811323285 0.346153855324
eeg 822.49017334 824.135131836 848.809875488 835.650024414
eeg 819.200195312 819.200195312 847.164855957 830.715087891
eeg 817.555236816 819.200195312 850.454833984 830.715087891
eeg 814.265258789 820.845214844 853.744812012 834.005004883
eeg 814.265258789 824.135131836 840.584960938 824.135131836
eeg 817.555236816 822.49017334 842.229919434 829.070068359
eeg 820.845214844 817.555236816 835.650024414 824.135131836
eeg 820.845214844 820.845214844 832.360046387 825.780151367
eeg 819.200195312 820.845214844 834.005004883 827.425109863
eeg 815.91027832 812.620300293 840.584960938 834.005004883
eeg 812.620300293 815.91027832 840.584960938 825.780151367
eeg 817.555236816 814.265258789 843.874938965 827.425109863
eeg 815.91027832 817.555236816 838.940002441 834.005004883
eeg 822.49017334 824.135131836 837.29498291 840.584960938
